1001000100000000
0110010000000000
1111110000000000
0010000000000000
0000111100000000
0011110100000000
0101011100000000
0110110100000000
1100100100000000
1111010100000000
0110001000000000
0001011100000000
0000010000000000
0011100000000000
1111111100000000
0001011100000000
0000000100111011
0000000010100111
0000000100111011
1111111100010111
0001010001010101
0000000000110001
0000000100111011
1111111110011010
1111111110001101
1111111100000000
0000000000111011
0000000010011001
1111111001011101
0000000111011011
1111111010001101
0000000100011111