01001000100000000
00110010000000000
00000010000000000
00010000000000000
00000111100000000
00011110100000000
00101011100000000
00110110100000000
01100100100000000
01111010100000000
00110001000000000
00001011100000000
00000010000000000
00011100000000000
00000000100000000
00001011100000000
00000000100111011
00000000010100111
00000000100111011
10000000011101001
00001010001010101
00000000000110001
00000000100111011
10000000001100110
10000000001110011
10000000100000000
00000000000111011
00000000010011001
10000000110100011
00000000111011011
10000000101110011
00000000100011111
