--------------------------------------------------
Decodificador de Ponto Fixo
Versao Beta 1.0
--------------------------------------------------

+145.0
+100.0
+4.0
+32.0
+15.0
+61.0
+87.0
+109.0
+201.0
+245.0
+98.0
+23.0
+4.0
+56.0
+1.0
+23.0
+1.231292724609375
+0.6541900634765625
+1.231903076171875
-0.91400146484375
+20.332595825195312
+0.1949920654296875
+1.2313995361328125
-0.399993896484375
-0.451446533203125
-1.0
+0.2313995361328125
+0.5999908447265625
-1.6399993896484375
+1.8581695556640625
-1.451995849609375
+1.12298583984375
