001110110011101100111011001111111
001110110011101100111011001111111
001111011011110110111101101110110
001111100011111000111110001010010
001110110011101100111011001111111
001110011011100110111001110010101
001111001011110010111100101101001
001110111011101110111011110000110
001110101011101010111010101111000
001110110011101100111011001111111
001111000011110000111100010001101
001110110011101100111011001111111
001110110011101100111011001111111
001111010011110100111101001110000
001111100011111000111110001010010
001111101011111010111110110000100
001111011011110110111101101110110
001110111011101110111011110000110
001110101011101010111010101111000
001110110011101100111011001111111
001110011011100110111001110010101
001110000011100000111000010101011
001110000011100000111000010101011
001101111011011110110111101111010
001110000011100000111000010101011
001101010011010100110101010000010
001101000011010000110100001110100
001100111011001110110011101101101
001101000011010000110100001110100
001100100011001000110010010000100
001011111010111110101111110001100
001011000010110000101100010000111
001110101011101010111010101111000
001110010011100100111001010001110
001110111011101110111011110000110
001111100011111000111110001010010
001110111011101110111011110000110
001110111011101110111011110000110
001111011011110110111101101110110
001111000011110000111100010001101
001111010011110100111101001110000
001110011011100110111001110010101
001110100011101000111010001110001
001110110011101100111011001111111
001111000011110000111100010001101
001111101011111010111110110000100
001111100011111000111110001010010
001111010011110100111101001110000
001111001011110010111100101101001
001110100011101000111010001110001
001110100011101000111010001110001
001110110011101100111011001111111
001110001011100010111000110000111
001101100011011000110110010010000
001101011011010110110101110001001
001101010011010100110101010000010
001101111011011110110111101111010
001101101011011010110110101101100
001101100011011000110110010010000
001100111011001110110011101101101
001101000011010000110100001110100
001100011011000110110001101111101
001011110010111100101111010000101
001011011010110110101101101110000
001110011011100110111001110010101
001110000011100000111000010101011
001110100011101000111010001110001
001111000011110000111100010001101
001110010011100100111001010001110
001111001011110010111100101101001
001111011011110110111101101110110
001111011011110110111101101110110
001111001011110010111100101101001
001111000011110000111100010001101
001110111011101110111011110000110
001110101011101010111010101111000
001110111011101110111011110000110
001111001011110010111100101101001
001111001011110010111100101101001
001111000011110000111100010001101
001111011011110110111101101110110
001110111011101110111011110000110
001110010011100100111001010001110
001100010011000100110001001110110
001011011010110110101101101110000
001010000010100000101000001111010
001010000010100000101000001111010
001011001010110010101100110001110
001011011010110110101101101110000
001100110011001100110011001100110
001101101011011010110110101101100
001101000011010000110100001110100
001101000011010000110100001110100
001100110011001100110011001100110
001100010011000100110001001110110
001011011010110110101101101110000
001110001011100010111000110000111
001110010011100100111001010001110
001110011011100110111001110010101
001111010011110100111101001110000
001110111011101110111011110000110
001111011011110110111101101110110
001111110011111100111111010001011
001111101011111010111110110000100
001111001011110010111100101101001
001111011011110110111101101110110
010000000100000001000000011000100
010011001100110011001100110011010
010001001100010011000100110000001
001110100011101000111010001110001
001111001011110010111100101101001
001111010011110100111101001110000
001110111011101110111011110000110
001110101011101010111010101111000
001010011010100110101001101100100
001011001010110010101100110001110
001011010010110100101101010111111
001011001010110010101100110001110
001001011010010110100101110000011
001000000010000000100000001100010
001001000010010000100100001101110
001000001010000010100000110010100
001011000010110000101100010000111
001100110011001100110011001100110
001101010011010100110101010000010
001101001011010010110100101010000
001100111011001110110011101101101
001100001011000010110000101101111
001110001011100010111000110000111
001110111011101110111011110000110
001111001011110010111100101101001
001111011011110110111101101110110
001111010011110100111101001110000
001110111011101110111011110000110
001111110011111100111111010001011
001111010011110100111101001110000
001111000011110000111100010001101
001111001011110010111100101101001
010000101100001011000011000010001
011011001110110011101100111111100
010100010101000101010001100000011
001110110011101100111011001111111
001110011011100110111001110010101
001110001011100010111000110000111
001010101010101010101010101110010
000111001001110010011100100110010
001001000010010000100100001101110
001101001011010010110100101010000
001101110011011100110111001110011
001110000011100000111000010101011
001100100011001000110010010000100
001011101010111010101110110101001
001001000010010000100100001101110
001001110010011100100111001101101
001001001010010010100100101110101
001010101010101010101010101110010
001100100011001000110010010000100
001101001011010010110100101010000
001100011011000110110001101111101
001100001011000010110000101101111
001110010011100100111001010001110
001101100011011000110110010010000
001101000011010000110100001110100
001110011011100110111001110010101
001111000011110000111100010001101
001111000011110000111100010001101
001111010011110100111101001110000
001111010011110100111101001110000
001110110011101100111011001111111
001111001011110010111100101101001
001111010011110100111101001110000
010010000100100001001000011011100
001111111011111110111111110010010
001101000011010000110100001110100
001001101010011010100110110010001
000110100001101000011010000111010
000111011001110110011101100111111
000111001001110010011100100110010
001010011010100110101001101100100
001110010011100100111001010001110
001111001011110010111100101101001
001111001011110010111100101101001
001110011011100110111001110010101
001011111010111110101111110001100
001100011011000110110001101111101
001011010010110100101101010111111
000111000001110000011100000101011
000111010001110100011101000111001
001010111010101110101011110000000
001101110011011100110111001110011
001100111011001110110011101101101
001100100011001000110010010000100
001100111011001110110011101101101
001100001011000010110000101101111
000100101001001010010010101010011
001001000010010000100100001101110
001110111011101110111011110000110
001111100011111000111110001010010
001111010011110100111101001110000
001111100011111000111110001010010
001111011011110110111101101110110
001111001011110010111100101101001
001111011011110110111101101110110
001110000011100000111000010101011
001100110011001100110011001100110
001101101011011010110110101101100
001011000010110000101100010000111
001000010010000100100001001110000
001010000010100000101000001111010
001001000010010000100100001101110
001010010010100100101001010001000
010000001100000011000001001001100
010001110100011101000111101111010
001110110011101100111011001111111
001100011011000110110001101111101
001100110011001100110011001100110
001101111011011110110111101111010
001010010010100100101001010001000
001000100010001000100010001111110
000101101001011010010110101100000
000111111001111110011111100110000
001100111011001110110011101101101
001101001011010010110100101010000
001100011011000110110001101111101
001110100011101000111010001110001
001100000011000000110000010010011
000101010001010100010101001001011
000111111001111110011111100110000
001110010011100100111001010001110
001111011011110110111101101110110
001111000011110000111100010001101
001111010011110100111101001110000
001111110011111100111111010001011
001111000011110000111100010001101
001101111011011110110111101111010
001100000011000000110000010010011
001110000011100000111000010101011
010000100100001001000010100110101
001101011011010110110101110001001
001010110010101100101011001001110
001011101010111010101110110101001
001010110010101100101011001001110
001001100010011000100110010001010
001110110011101100111011001111111
010011010100110101001101100100001
001111110011111100111111010001011
001011110010111100101111010000101
001100011011000110110001101111101
001011110010111100101111010000101
001010001010100010101000110000001
000111001001110010011100100110010
000110011001100110011001100110011
000110000001100000011000001001001
001010110010101100101011001001110
001101011011010110110101110001001
001100110011001100110011001100110
010100001101000011010001001111101
001101000011010000110100001110100
000111000001110000011100000101011
001111000011110000111100010001101
001111111011111110111111110010010
001110111011101110111011110000110
001111010011110100111101001110000
001111110011111100111111010001011
001111111011111110111111110010010
010001110100011101000111101111010
001011100010111000101110001110111
001101011011010110110101110001001
010001111100011111001000000000000
010010001100100011001001001100100
001110000011100000111000010101011
001010001010100010101000110000001
001010000010100000101000001111010
001010100010101000101010001101011
001001110010011100100111001101101
001001000010010000100100001101110
001111111011111110111111110010010
010001000100010001000100011111011
001101000011010000110100001110100
001010000010100000101000001111010
001001101010011010100110110010001
001010010010100100101001010001000
001000111010001110100011110111101
000111000001110000011100000101011
000100011001000110010001101000110
000111100001111000011110001000110
001101100011011000110110010010000
001101010011010100110101010000010
010101111101011111010111110000110
010001001100010011000100110000001
001100010011000100110001001110110
010011001100110011001100110011010
010011000100110001001100100010100
001111001011110010111100101101001
001111000011110000111100010001101
001111001011110010111100101101001
010111000101110001011100011101111
011011011110110111101110000001001
010111010101110101011101101010010
010001001100010011000100110000001
010011110100111101001111100010010
010000111100001111000100000011111
001110010011100100111001010001110
001010110010101100101011001001110
001010100010101000101010001101011
001001001010010010100100101110101
000111001001110010011100100110010
001000101010001010100010110000100
001111111011111110111111110010010
010000110100001101000011010010111
001111101011111010111110110000100
001100011011000110110001101111101
001010001010100010101000110000001
001010100010101000101010001101011
001010011010100110101001101100100
001001011010010110100101110000011
000110000001100000011000001001001
000011111000111110001111100101010
001001101010011010100110110010001
001101010011010100110101010000010
010110110101101101011011011100001
001110010011100100111001010001110
010010101100101011001010111111111
010100111101001111010100001010000
010011110100111101001111100010010
001110101011101010111010101111000
001111010011110100111101001110000
001011110010111100101111010000101
011000111110001111100100000000000
011100100111001001110010011110010
011000111110001111100100000000000
010001111100011111001000000000000
010100101101001011010010111101100
010001110100011101000111101111010
001110000011100000111000010101011
001110000011100000111000010101011
001001011010010110100101110000011
001001111010011110100111101110100
000101011001010110010101101010010
001010101010101010101010101110010
010100110101001101010011011001000
010010100100101001001010101001110
010010100100101001001010101001110
001100101011001010110010110001010
001010011010100110101001101100100
001100101011001010110010110001010
001010110010101100101011001001110
001001110010011100100111001101101
000111011001110110011101100111111
000100101001001010010010101010011
000110000001100000011000001001001
001010011010100110101001101100100
010111101101111011011111000111100
001101010011010100110101010000010
010001110100011101000111101111010
010101101101011011010111000100100
010101001101010011010100110110010
001111110011111100111111010001011
010000010100000101000001011111101
001100011011000110110001101111101
001100011011000110110001101111101
010111010101110101011101101010010
010110010101100101011001011110000
010010101100101011001010111111111
010100111101001111010100001010000
010101111101011111010111110000110
001111010011110100111101001110000
001101100011011000110110010010000
001100010011000100110001001110110
001010011010100110101001101100100
000100101001001010010010101010011
001111001011110010111100101101001
011001010110010101100101101101011
010011001100110011001100110011010
010001100100011001000110011101100
001011001010110010101100110001110
001010000010100000101000001111010
001011100010111000101110001110111
001100110011001100110011001100110
001010101010101010101010101110010
001001010010010100100101010100111
000110101001101010011010101000001
000111000001110000011100000101011
000111010001110100011101000111001
011000000110000001100000100100110
001011111010111110101111110001100
010000101100001011000011000010001
010110011101100111011001111110111
010011110100111101001111100010010
010000001100000011000001001001100
010000011100000111000001110101110
001110100011101000111010001110001
001001001010010010100100101110101
010011101100111011001111000001011
010010101100101011001010111111111
001110110011101100111011001111111
010101001101010011010100110110010
011001100110011001100110011001101
010010110100101101001011010110000
001110010011100100111001010001110
001110010011100100111001010001110
001110001011100010111000110000111
000110001001100010011000101010000
010010011100100111001001111000110
010111100101111001011110010110100
010010101100101011001010111111111
001110110011101100111011001111111
001011000010110000101100010000111
001010010010100100101001010001000
001010011010100110101001101100100
001011101010111010101110110101001
001010110010101100101011001001110
001010110010101100101011001001110
001001001010010010100100101110101
001001010010010100100101010100111
000111000001110000011100000101011
010111111101111111011111110011110
001011111010111110101111110001100
010011010100110101001101100100001
010111011101110111011110000000011
001101111011011110110111101111010
001101110011011100110111001110011
010000011100000111000001110101110
001111011011110110111101101110110
001001101010011010100110110010001
010000111100001111000100000011111
010000000100000001000000011000100
010010111100101111001100000111000
010110000101100001011000100001101
011011001110110011101100111111100
010101100101011001010110010011100
010000100100001001000010100110101
001110110011101100111011001111111
001110010011100100111001010001110
001000110010001100100011010001011
010011000100110001001100100010100
010110101101101011011011000000101
010010000100100001001000011011100
001101110011011100110111001110011
001010101010101010101010101110010
001001111010011110100111101110100
001001000010010000100100001101110
001001111010011110100111101110100
001100011011000110110001101111101
001100100011001000110010010000100
001010111010101110101011110000000
001011001010110010101100110001110
001001010010010100100101010100111
011000011110000111100010000010000
001101011011010110110101110001001
010100111101001111010100001010000
010111010101110101011101101010010
001101011011010110110101110001001
001011001010110010101100110001110
001111011011110110111101101110110
001111111011111110111111110010010
001001101010011010100110110010001
001101010011010100110101010000010
001111101011111010111110110000100
010111011101110111011110000000011
010110101101101011011011000000101
010100110101001101010011011001000
010001101100011011000110111110011
010010001100100011001001001100100
010001001100010011000100110000001
001100100011001000110010010000100
001000110010001100100011010001011
010010111100101111001100000111000
010101111101011111010111110000110
010000101100001011000011000010001
001111111011111110111111110010010
001101100011011000110110010010000
001010101010101010101010101110010
001011100010111000101110001110111
001011111010111110101111110001100
001101101011011010110110101101100
001110011011100110111001110010101
001011111010111110101111110001100
001010100010101000101010001101011
001100000011000000110000010010011
011000101110001011100010111110010
010000010100000101000001011111101
010101001101010011010100110110010
010110100101101001011010101111111
010000111100001111000100000011111
001010000010100000101000001111010
001111010011110100111101001110000
010000000100000001000000011000100
001011111010111110101111110001100
001110111011101110111011110000110
010000100100001001000010100110101
011011110110111101101111011110011
011101101111011011110111000000101
010001011100010111000110000010000
010000011100000111000001110101110
001111010011110100111101001110000
001110001011100010111000110000111
001101000011010000110100001110100
001011000010110000101100010000111
010000111100001111000100000011111
010100000101000001010000011110101
010010011100100111001001111000110
001101100011011000110110010010000
001010101010101010101010101110010
001000111010001110100011110111101
001010111010101110101011110000000
001100111011001110110011101101101
001101100011011000110110010010000
001101111011011110110111101111010
001010111010101110101011110000000
001100010011000100110001001110110
001101011011010110110101110001001
011001011110010111100101111110001
010010011100100111001001111000110
010100110101001101010011011001000
010111001101110011011100111001011
010101001101010011010100110110010
001010100010101000101010001101011
001111101011111010111110110000100
010000000100000001000000011000100
001111001011110010111100101101001
001001111010011110100111101110100
010010001100100011001001001100100
010100101101001011010010111101100
010011001100110011001100110011010
010000100100001001000010100110101
001101010011010100110101010000010
001101010011010100110101010000010
001100011011000110110001101111101
001100100011001000110010010000100
001011100010111000101110001110111
010010010100100101001001100010101
010001100100011001000110011101100
010001101100011011000110111110011
010000010100000101000001011111101
001101001011010010110100101010000
001001100010011000100110010001010
001001110010011100100111001101101
001011101010111010101110110101001
001011100010111000101110001110111
001010110010101100101011001001110
001011110010111100101111010000101
001110010011100100111001010001110
001101101011011010110110101101100
011010110110101101101011100010010
010100110101001101010011011001000
010101000101010001010100100000001
010111000101110001011100011101111
010110100101101001011010101111111
001100011011000110110001101111101
001100000011000000110000010010011
010010110100101101001011010110000
010001001100010011000100110000001
001011101010111010101110110101001
001110110011101100111011001111111
001101011011010110110101110001001
001101000011010000110100001110100
001101010011010100110101010000010
001011100010111000101110001110111
001101110011011100110111001110011
001011001010110010101100110001110
001100101011001010110010110001010
010000001100000011000001001001100
001100010011000100110001001110110
000111000001110000011100000101011
001111000011110000111100010001101
001111110011111100111111010001011
001000101010001010100010110000100
000111000001110000011100000101011
000111000001110000011100000101011
001000101010001010100010110000100
001011101010111010101110110101001
001100001011000010110000101101111
001110100011101000111010001110001
001111000011110000111100010001101
001110000011100000111000010101011
011010010110100101101001010100000
010110111101101111011100001101001
010101110101011101010111100000000
010110011101100111011001111110111
010110110101101101011011011100001
010000001100000011000001001001100
001011000010110000101100010000111
010001100100011001000110011101100
010010100100101001001010101001110
010000000100000001000000011000100
001011101010111010101110110101001
001000010010000100100001001110000
001111011011110110111101101110110
001110001011100010111000110000111
001110110011101100111011001111111
010001111100011111001000000000000
001011010010110100101101010111111
001011110010111100101111010000101
010001100100011001000110011101100
001110110011101100111011001111111
001101101011011010110110101101100
001100011011000110110001101111101
001000100010001000100010001111110
000111011001110110011101100111111
000101001001010010010100101000100
000111110001111100011111001010100
001000110010001100100011010001011
001101100011011000110110010010000
001111011011110110111101101110110
001111100011111000111110001010010
001110110011101100111011001111111
001110011011100110111001110010101
011000000110000001100000100100110
010111100101111001011110010110100
010101111101011111010111110000110
010110010101100101011001011110000
010110100101101001011010101111111
010010011100100111001001111000110
001011001010110010101100110001110
001111001011110010111100101101001
001111100011111000111110001010010
010001000100010001000100011111011
010001000100010001000100011111011
000111101001111010011110101001101
001111000011110000111100010001101
001100011011000110110001101111101
010001000100010001000100011111011
010110001101100011011001000010100
001110101011101010111010101111000
001001010010010100100101010100111
001111000011110000111100010001101
001111101011111010111110110000100
010000001100000011000001001001100
001010101010101010101010101110010
000110001001100010011000101010000
000110011001100110011001100110011
000110000001100000011000001001001
001011010010110100101101010111111
001100000011000000110000010010011
001111101011111010111110110000100
010000001100000011000001001001100
001111001011110010111100101101001
001110110011101100111011001111111
001110000011100000111000010101011
010011101100111011001111000001011
011000000110000001100000100100110
010110001101100011011001000010100
010101110101011101010111100000000
010110100101101001011010101111111
010011011100110111001101111111101
001100110011001100110011001100110
010000111100001111000100000011111
010101110101011101010111100000000
001101001011010010110100101010000
001011010010110100101101010111111
001001101010011010100110110010001
001011010010110100101101010111111
001110110011101100111011001111111
010101110101011101010111100000000
010111000101110001011100011101111
010010100100101001001010101001110
001100100011001000110010010000100
001001111010011110100111101110100
001001110010011100100111001101101
000111100001111000011110001000110
000110010001100100011001000101100
000101100001011000010110000101110
000011111000111110001111100101010
000110111001101110011011101001111
001000101010001010100010110000100
001100011011000110110001101111101
001111101011111010111110110000100
001111011011110110111101101110110
001101101011011010110110101101100
001110000011100000111000010101011
001101000011010000110100001110100
001110111011101110111011110000110
011000110110001101100011011111001
010110001101100011011001000010100
010101011101010111010101111101011
010110011101100111011001111110111
010001110100011101000111101111010
001010110010101100101011001001110
010011000100110001001100100010100
011110110111101101111011101000011
011011101110111011101111001101101
010001010100010101000101100001001
010001011100010111000110000010000
010011010100110101001101100100001
010110101101101011011011000000101
011000011110000111100010000010000
011000001110000011100001000000010
010101011101010111010101111101011
010000011100000111000001110101110
001101101011011010110110101101100
000111101001111010011110101001101
000101101001011010010110101100000
000110001001100010011000101010000
001000001010000010100000110010100
001001100010011000100110010001010
001010000010100000101000001111010
001001111010011110100111101110100
001011100010111000101110001110111
001011110010111100101111010000101
001100010011000100110001001110110
001011001010110010101100110001110
001010100010101000101010001101011
001010010010100100101001010001000
001100100011001000110010010000100
011000000110000001100000100100110
010110101101101011011011000000101
010101101101011011010111000100100
010110001101100011011001000010100
010010000100100001001000011011100
001101111011011110110111101111010
011010010110100101101001010100000
011111011111110111111101110001111
011111100111111001111110100010110
011011100110111001101110011100101
010001010100010101000101100001001
010000000100000001000000011000100
010001010100010101000101100001001
010000010100000101000001011111101
010000011100000111000001110101110
001111000011110000111100010001101
001011000010110000101100010000111
001010011010100110101001101100100
001001101010011010100110110010001
001001101010011010100110110010001
001001100010011000100110010001010
001001110010011100100111001101101
001010101010101010101010101110010
001010110010101100101011001001110
001010011010100110101001101100100
001010100010101000101010001101011
001011100010111000101110001110111
001100001011000010110000101101111
001010110010101100101011001001110
001010101010101010101010101110010
001010011010100110101001101100100
001001111010011110100111101110100
010000000100000001000000011000100
010100011101000111010001111011111
010101101101011011010111000100100
010110101101101011011011000000101
010101000101010001010100100000001
010100101101001011010010111101100
011110100111101001111010100001010
011111010111110101111101100001000
011100101111001011110010110100011
010000010100000101000001011111101
001010010010100100101001010001000
001001010010010100100101010100111
001000111010001110100011110111101
001000110010001100100011010001011
001000100010001000100010001111110
001001000010010000100100001101110
001001001010010010100100101110101
001001010010010100100101010100111
001001001010010010100100101110101
001001100010011000100110010001010
001010000010100000101000001111010
001010000010100000101000001111010
001001110010011100100111001101101
001001111010011110100111101110100
001010100010101000101010001101011
001010100010101000101010001101011
001010110010101100101011001001110
001011000010110000101100010000111
001010110010101100101011001001110
001010110010101100101011001001110
001010001010100010101000110000001
001001110010011100100111001101101
001001010010010100100101010100111
001011100010111000101110001110111
010010101100101011001010111111111
010110000101100001011000100001101
010000110100001101000011010010111
010111101101111011011111000111100
011111010111110101111101100001000
011110011111100111111010001011001
010011011100110111001101111111101
001010111010101110101011110000000
001001101010011010100110110010001
001001101010011010100110110010001
001001110010011100100111001101101
001001101010011010100110110010001
001001101010011010100110110010001
001001101010011010100110110010001
001001011010010110100101110000011
001001000010010000100100001101110
001000101010001010100010110000100
001001000010010000100100001101110
001001100010011000100110010001010
001001011010010110100101110000011
001001111010011110100111101110100
001010010010100100101001010001000
001011101010111010101110110101001
001011111010111110101111110001100
001011101010111010101110110101001
001011101010111010101110110101001
001011001010110010101100110001110
001010100010101000101010001101011
001011100010111000101110001110111
001100001011000010110000101101111
001010000010100000101000001111010
001001010010010100100101010100111
001100011011000110110001101111101
010010000100100001001000011011100
010000110100001101000011010010111
011010101110101011101010110001010
011111101111111011111110111110010
011000011110000111100010000010000
001010111010101110101011110000000
001010100010101000101010001101011
001010000010100000101000001111010
001010010010100100101001010001000
001010010010100100101001010001000
001001100010011000100110010001010
001001010010010100100101010100111
001001001010010010100100101110101
001001000010010000100100001101110
001000110010001100100011010001011
001001001010010010100100101110101
001001100010011000100110010001010
001001111010011110100111101110100
001010010010100100101001010001000
001010101010101010101010101110010
001100010011000100110001001110110
001100100011001000110010010000100
001100011011000110110001101111101
001100010011000100110001001110110
001100001011000010110000101101111
001011101010111010101110110101001
001110000011100000111000010101011
001111101011111010111110110000100
001100101011001010110010110001010
001010101010101010101010101110010
001001010010010100100101010100111
001001010010010100100101010100111
001011001010110010101100110001110
010001110100011101000111101111010
011100100111001001110010011110010
011110011111100111111010001011001
010001010100010101000101100001001
001010100010101000101010001101011
001001111010011110100111101110100
001010110010101100101011001001110
001010100010101000101010001101011
001001010010010100100101010100111
001001010010010100100101010100111
001001100010011000100110010001010
001001100010011000100110010001010
001001011010010110100101110000011
001001101010011010100110110010001
001001111010011110100111101110100
001010000010100000101000001111010
001010110010101100101011001001110
001011111010111110101111110001100
001100011011000110110001101111101
001011110010111100101111010000101
001010110010101100101011001001110
001010100010101000101010001101011
001001111010011110100111101110100
001100000011000000110000010010011
001110110011101100111011001111111
001111111011111110111111110010010
001110011011100110111001110010101
001100001011000010110000101101111
001010100010101000101010001101011
001001100010011000100110010001010
001001100010011000100110010001010
001001100010011000100110010001010
001100101011001010110010110001010
011010111110101111101011111101110
011011111110111111101111111001111
001110110011101100111011001111111
001011110010111100101111010000101
001010110010101100101011001001110
001001111010011110100111101110100
001011001010110010101100110001110
001001111010011110100111101110100
001001000010010000100100001101110
001001011010010110100101110000011
001001101010011010100110110010001
001001111010011110100111101110100
001010001010100010101000110000001
001010001010100010101000110000001
001011000010110000101100010000111
001010001010100010101000110000001
001010010010100100101001010001000
001011011010110110101101101110000
001011010010110100101101010111111
001010010010100100101001010001000
001001001010010010100100101110101
001011000010110000101100010000111
001110100011101000111010001110001
001110010011100100111001010001110
001010111010101110101011110000000
001010111010101110101011110000000
001100000011000000110000010010011
001010100010101000101010001101011
001001111010011110100111101110100
001001101010011010100110110010001
001001111010011110100111101110100
001001101010011010100110110010001
001111111011111110111111110010010
010111110101111101011111011101101
001011011010110110101101101110000
001010110010101100101011001001110
001010101010101010101010101110010
001010110010101100101011001001110
001011110010111100101111010000101
001011011010110110101101101110000
001010111010101110101011110000000
001001011010010110100101110000011
001001000010010000100100001101110
001001000010010000100100001101110
001010000010100000101000001111010
001010100010101000101010001101011
001010011010100110101001101100100
001010100010101000101010001101011
001010010010100100101001010001000
001010001010100010101000110000001
001001111010011110100111101110100
001010010010100100101001010001000
001011010010110100101101010111111
001110000011100000111000010101011
001100001011000010110000101101111
001001110010011100100111001101101
000110011001100110011001100110011
001010101010101010101010101110010
001110001011100010111000110000111
001011000010110000101100010000111
001001100010011000100110010001010
001010001010100010101000110000001
001001101010011010100110110010001
001010000010100000101000001111010
001000111010001110100011110111101
001100011011000110110001101111101
001001111010011110100111101110100
001000010010000100100001001110000
000111101001111010011110101001101
001001000010010000100100001101110
001010011010100110101001101100100
001011010010110100101101010111111
001011100010111000101110001110111
001010100010101000101010001101011
001010110010101100101011001001110
001011011010110110101101101110000
001011011010110110101101101110000
001011000010110000101100010000111
001010110010101100101011001001110
001010100010101000101010001101011
001001110010011100100111001101101
001001000010010000100100001101110
001010001010100010101000110000001
001100101011001010110010110001010
001111001011110010111100101101001
001110111011101110111011110000110
001100111011001110110011101101101
001010100010101000101010001101011
000110101001101010011010101000001
001001100010011000100110010001010
001101001011010010110100101010000
001011011010110110101101101110000
001001011010010110100101110000011
001010010010100100101001010001000
001010000010100000101000001111010
001010001010100010101000110000001
001001111010011110100111101110100
001001000010010000100100001101110
001001011010010110100101110000011
000111110001111100011111001010100
000111001001110010011100100110010
001000000010000000100000001100010
000111101001111010011110101001101
000111111001111110011111100110000
001000110010001100100011010001011
001001110010011100100111001101101
001010111010101110101011110000000
001011101010111010101110110101001
001100100011001000110010010000100
001101110011011100110111001110011
001101000011010000110100001110100
001010101010101010101010101110010
001001110010011100100111001101101
001001110010011100100111001101101
001011111010111110101111110001100
001111001011110010111100101101001
010010010100100101001001100010101
010000110100001101000011010010111
001101000011010000110100001110100
001000110010001100100011010001011
001000111010001110100011110111101
000110111001101110011011101001111
001100001011000010110000101101111
001011111010111110101111110001100
001010000010100000101000001111010
001001110010011100100111001101101
001001111010011110100111101110100
001010001010100010101000110000001
001001101010011010100110110010001
001001000010010000100100001101110
001000110010001100100011010001011
000111100001111000011110001000110
000111000001110000011100000101011
000111111001111110011111100110000
000111011001110110011101100111111
000111111001111110011111100110000
000110101001101010011010101000001
000110001001100010011000101010000
000111110001111100011111001010100
001001110010011100100111001101101
001011110010111100101111010000101
001101101011011010110110101101100
001100101011001010110010110001010
001010111010101110101011110000000
001010110010101100101011001001110
001001110010011100100111001101101
001100100011001000110010010000100
001111010011110100111101001110000
010001001100010011000100110000001
001111101011111010111110110000100
001011000010110000101100010000111
001000010010000100100001001110000
001001010010010100100101010100111
000111010001110100011101000111001
